version https://git-lfs.github.com/spec/v1
oid sha256:72887d0b124b8cf245b251457b172c502b8e1f77471a93b59d50311c2ea79418
size 12852108
