version https://git-lfs.github.com/spec/v1
oid sha256:78e9d61b819e30fc24ee5d1e3530ff92e4e78b284ad3dfd2fc141e567e46b76a
size 5885161
